0.0000 0.0000 0.0000
-7.385 0.367 0.187
-6.569 0.305 -0.408
-5.903 0.291 -1.074
-5.33 0.391 -1.501
-4.943 0.318 -2.187
-4.604 0.251 -2.813
-4.221 0.243 -3.152
-3.859 0.262 -3.078
-3.551 0.253 -3.046
-3.541 0.279 -3.069
-3.531 0.208 -3.331
-3.738 0.274 -3.713
-3.537 0.462 -3.825
-3.338 0.45 -3.666
-3.237 0.327 -3.351
-3.051 0.148 -2.956
-2.91 0.03 -2.574
-2.748 -0.136 -2.11
-2.654 -0.269 -1.468
-2.82 -0.475 -1.2
-2.839 -0.729 -0.528
-2.564 -0.82 0.403
-2.454 -0.996 0.914
-2.321 -1.078 1.15
-2.071 -1.021 1.44
-1.83 -0.893 1.934
-1.948 -0.813 1.697
-2.365 -0.869 0.916
-2.206 -0.774 0.6
-1.977 -0.722 1.135
-1.797 -0.986 2.176
-1.582 -1.077 3.458
-1.786 -1.124 4.19
-2.409 -1.072 4.546
-2.702 -0.999 4.316
-2.467 -0.882 4.367
-1.729 -0.803 4.628
-1.185 -0.671 4.838
-1.308 -0.715 5.061
-1.272 -0.67 6.27
-1.11 -0.603 6.936
-0.663 -0.534 7.061
0.126 -0.472 6.63
0.553 -0.157 5.907
0.92 0.082 5.523
1.294 0.22 5.626
1.354 0.405 5.511
1.348 0.425 4.788
1.256 0.425 3.602
1.208 0.598 2.509
1.216 0.978 1.56
1.233 1.242 0.689
1.17 1.281 0.042
1.147 1.214 -0.349
1.274 1.256 -0.814
1.44 1.165 -1.387
1.89 1.419 -1.998
2.261 1.389 -2.221
2.251 1.431 -2.533
1.948 1.443 -2.426
1.943 0.583 -2.804
1.955 -0.793 -2.239