0.0000 0.0000 0.0000
-7.316 1.539 3.367
-6.576 1.489 2.746
-6.28 1.03 2.058
-5.643 1.09 1.386
-5.001 1.378 0.877
-4.467 1.231 0.272
-3.796 1.237 -0.426
-3.339 1.191 -1.435
-3.289 0.977 -2.628
-3.115 0.75 -3.244
-3.036 0.71 -3.85
-3.25 0.639 -4.758
-3.511 0.54 -4.937
-2.953 0.296 -4.694
-2.994 0.198 -5.052
-3.203 0.325 -5.046
-3.003 0.266 -5.438
-2.918 -0.122 -5.722
-2.54 -0.316 -5.649
-2.717 -0.422 -5.696
-2.695 -0.596 -4.954
-2.236 -0.82 -4.019
-1.875 -0.98 -3.583
-1.997 -1.287 -3.035
-1.935 -1.52 -2.033
-1.682 -1.695 -0.563
-1.651 -1.759 0.898
-1.762 -1.979 2.213
-1.844 -2.135 3.336
-1.625 -2.102 4.097
-2.04 -2.288 3.972
-2.284 -2.465 4.617
-1.849 -2.123 6.121
-0.974 -1.497 8.129
-0.687 -1.184 9.634
-0.55 -1.031 10.808
-0.408 -0.91 12.718
-0.773 -1.052 14.791
-1.48 -0.792 15.889
-2.4 -0.118 15.584
-2.376 0.298 13.448
-1.483 1.053 10.526
-0.611 1.852 6.491
0.053 2.52 3.541
0.47 2.527 1.859
0.75 2.326 0.751
1.063 2.119 0.055
1.388 2.036 -0.742
1.688 1.807 -1.228
1.925 1.781 -1.666
1.568 1.526 -2.628
1.308 1.304 -3.296
1.281 1.286 -3.665
1.385 1.148 -3.893
1.359 1.094 -3.426
1.214 1.01 -3.083
1.032 1.056 -2.74
1.041 0.778 -2.277
1.066 0.329 -1.765
1.003 -1.237 -1.872
0.73 -0.363 -1.039