0.0000 0.0000 0.0000
-7.721 1.729 2.419
-7.0 1.47 2.039
-6.447 1.09 1.542
-5.776 0.8 1.112
-5.138 0.832 0.751
-4.452 0.732 0.133
-3.731 0.684 -0.647
-3.341 0.59 -1.616
-3.239 0.479 -2.541
-2.95 0.56 -2.985
-2.663 0.642 -2.919
-2.518 0.561 -2.825
-2.774 0.444 -3.103
-3.471 0.615 -3.827
-3.856 0.597 -4.151
-3.798 0.606 -3.805
-3.677 0.476 -3.39
-3.559 0.291 -3.594
-3.246 0.141 -3.622
-2.827 -0.182 -3.363
-2.441 -0.259 -3.061
-2.24 -0.535 -2.574
-1.904 -0.852 -1.532
-1.722 -1.379 -0.586
-1.989 -1.741 -0.864
-2.212 -1.765 -0.467
-2.379 -1.554 0.811
-2.494 -1.588 2.075
-2.555 -1.55 2.703
-2.937 -1.429 2.76
-3.083 -1.467 2.691
-2.809 -1.251 3.448
-2.158 -1.23 4.215
-1.132 -1.365 4.224
-0.777 -1.392 3.828
-0.475 -1.357 4.048
0.183 -1.342 5.091
0.785 -1.268 6.521
1.362 -1.262 7.369
2.157 -0.972 7.615
2.691 -0.866 7.465
2.37 -0.788 7.891
2.029 -0.545 8.36
1.706 -0.31 8.722
1.449 0.134 9.065
0.882 0.569 8.701
0.19 0.874 7.909
-0.5 1.123 7.032
-0.847 1.415 5.587
-1.021 1.593 3.779
-0.824 2.063 1.703
-0.56 2.305 -0.449
-0.151 2.436 -1.464
0.57 2.494 -1.628
1.168 2.314 -2.017
1.81 1.582 -2.737
2.327 1.01 -3.437
2.93 1.263 -2.895