0.0000 0.0000 0.0000
-6.893 0.359 2.23
-6.376 0.409 1.403
-5.903 0.385 0.651
-5.528 0.355 -0.163
-5.173 0.544 -1.043
-5.259 0.455 -2.016
-5.38 0.539 -2.754
-4.962 0.735 -3.246
-4.647 0.79 -3.3
-4.467 0.815 -4.056
-4.339 0.647 -4.435
-4.267 0.556 -4.362
-4.073 0.449 -4.176
-3.864 0.43 -3.982
-3.658 0.197 -3.842
-3.318 0.091 -3.372
-2.943 -0.107 -2.69
-2.528 -0.165 -2.024
-2.387 -0.243 -2.02
-2.476 -0.348 -2.163
-2.349 -0.494 -1.998
-1.778 -0.35 -1.29
-1.385 -0.53 -0.083
-1.255 -0.813 1.553
-1.56 -1.215 2.846
-2.12 -1.395 3.294
-2.287 -1.454 3.352
-2.455 -1.299 3.327
-2.519 -1.169 3.675
-2.336 -1.078 4.014
-1.93 -1.065 4.578
-1.608 -1.157 4.956
-0.93 -1.283 6.029
-0.302 -1.301 7.573
0.201 -1.24 8.1
0.474 -1.004 7.867
0.737 -0.636 7.709
1.137 -0.228 7.938
1.161 0.122 7.593
0.778 0.273 7.161
0.14 0.229 6.669
0.108 0.464 6.476
0.167 0.642 6.018
0.115 0.673 4.916
0.104 0.916 3.364
0.205 1.082 1.89
0.297 1.103 1.158
0.336 1.045 0.749
0.259 1.061 0.079
0.087 0.636 -0.608
0.992 1.253 -1.47
1.763 1.283 -2.805
2.483 1.396 -3.223
2.605 1.11 -2.84
3.026 1.438 -2.763
2.775 0.588 -2.935