0.0000 0.0000 0.0000
-7.678 2.056 -2.493
-7.548 1.816 -3.648
-7.543 1.635 -4.361
-7.254 1.445 -4.726
-6.916 1.275 -4.831
-6.845 0.992 -5.037
-6.505 0.738 -5.318
-6.208 0.448 -5.691
-6.113 0.171 -6.182
-5.855 0.076 -6.202
-5.442 0.034 -5.711
-5.13 0.065 -5.14
-4.936 -0.122 -4.703
-4.572 -0.385 -3.879
-4.072 -0.803 -2.474
-3.776 -1.275 -1.805
-3.545 -1.725 -1.383
-2.906 -1.88 -0.503
-2.728 -2.355 0.477
-2.8 -2.826 2.369
-2.364 -3.009 3.812
-1.723 -3.01 4.638
-1.671 -3.243 5.708
-1.547 -3.04 7.051
-1.306 -3.253 8.544
-0.831 -3.272 10.051
-0.032 -3.195 11.088
1.211 -2.246 11.669
1.719 -1.599 11.76
1.09 -1.224 11.265
0.809 -0.67 11.25
0.797 -0.422 11.591
1.045 0.128 10.931
1.199 0.597 9.416
1.165 1.107 7.828
1.023 1.582 6.399
0.989 1.855 5.121
1.149 2.074 3.893
1.672 2.263 3.107
1.763 1.864 2.598
1.578 2.333 1.718
1.205 2.203 0.546
1.558 2.129 -0.266
2.057 2.063 -0.472
2.386 1.9 -0.597
2.647 1.813 -1.167
2.632 2.037 -1.869
2.628 1.721 -2.199
2.744 1.221 -2.057
2.823 0.651 -1.739
2.377 -0.163 -1.306
2.191 -0.242 -0.736