0.0000 0.0000 0.0000
-6.695 0.186 0.057
-6.301 -0.03 0.233
-6.111 -0.061 -0.238
-5.776 0.039 -0.473
-5.267 0.087 -0.977
-4.654 0.405 -1.293
-4.163 0.417 -1.413
-3.807 0.383 -1.384
-3.46 0.457 -1.435
-3.201 0.454 -1.68
-2.984 0.633 -1.753
-2.823 0.708 -2.052
-2.662 0.663 -1.855
-2.395 0.519 -1.42
-2.328 0.536 -1.191
-2.483 0.646 -1.21
-2.295 0.823 -0.865
-1.902 0.645 -0.33
-1.6 0.607 0.133
-1.215 0.787 0.051
-1.12 0.614 0.114
-1.439 0.414 0.267
-1.846 0.39 0.137
-2.093 0.213 0.338
-2.125 0.192 1.313
-2.3 0.017 2.009
-2.13 -0.147 2.722
-1.728 -0.417 2.992
-1.848 -0.41 2.098
-2.094 -0.532 0.803
-2.091 -0.531 0.757
-1.624 -0.391 1.655
-1.228 -0.499 2.412
-1.019 -0.552 2.532
-0.926 -0.635 2.408
-0.876 -0.692 2.314
-0.866 -0.838 2.531
-0.737 -1.091 2.717
-0.516 -0.981 2.187
-0.637 -0.728 1.296
-0.599 -0.509 1.175
0.02 -0.337 1.342
0.156 -0.424 1.63
0.002 -0.692 1.036
-0.393 -0.726 0.717
-0.518 -0.886 0.421
-0.216 -0.703 0.87
0.27 -0.572 1.507
0.355 -0.601 1.701
0.139 -0.679 1.557
0.28 -0.533 1.522
0.355 -0.419 1.283
0.44 -0.283 1.155
0.405 -0.151 1.057
-0.005 -0.015 0.744
0.029 0.046 0.497
0.276 0.214 0.551
0.619 0.451 0.754
0.893 0.466 0.98
1.209 0.462 1.106
1.562 0.485 1.297
1.656 0.592 1.676
1.438 0.748 1.802
0.898 0.776 1.475
0.653 0.949 1.25
0.389 1.078 1.039
0.031 1.03 1.029
-0.014 1.014 1.452
-0.021 0.843 2.022
0.161 0.957 2.389
0.05 0.965 2.21
-0.04 1.066 1.981
0.023 1.011 1.765
-0.133 0.971 1.528
0.155 0.942 1.203
0.424 1.141 0.928
0.407 0.855 0.507
0.366 1.062 0.413
1.209 0.628 0.829