0.0000 0.0000 0.0000
-7.661 1.401 2.523
-6.869 1.02 1.943
-6.078 0.728 1.162
-5.643 0.612 0.391
-5.104 0.542 -0.759
-4.68 0.479 -1.442
-4.152 0.397 -2.073
-3.495 0.4 -2.486
-3.059 0.438 -2.919
-2.814 0.411 -3.626
-2.662 0.534 -4.143
-2.473 0.584 -4.289
-2.389 0.655 -4.351
-2.512 0.727 -4.2
-2.701 0.749 -4.013
-2.793 0.864 -3.672
-2.901 0.838 -3.201
-2.852 0.375 -2.933
-2.662 -0.076 -2.726
-2.87 -0.215 -2.669
-2.884 -0.322 -2.014
-2.57 -0.307 -0.632
-2.494 -0.449 0.62
-2.357 -0.559 1.799
-2.345 -0.969 2.662
-2.455 -1.415 3.172
-2.744 -1.609 2.829
-3.013 -1.552 2.39
-2.772 -1.233 2.832
-2.727 -0.972 3.876
-2.696 -0.771 4.583
-2.633 -0.573 4.358
-2.085 -0.636 4.258
-1.394 -0.659 4.082
-1.168 -0.731 3.682
-1.405 -0.709 3.331
-1.557 -0.638 3.576
-0.669 -0.626 4.304
0.061 -0.495 4.985
0.46 -0.419 5.073
0.603 -0.403 4.807
0.733 -0.302 4.766
1.245 -0.341 5.039
1.664 -0.212 5.233
1.411 -0.096 5.02
1.468 0.309 4.932
1.657 0.468 4.628
1.742 0.636 3.95
1.679 0.857 3.012
1.503 1.03 2.314
1.421 1.168 2.195
1.34 1.077 2.182
1.585 0.995 1.955
1.797 1.18 1.484
1.436 1.088 0.827
1.275 1.169 0.382
1.096 1.164 -0.146
0.874 1.177 -0.89
0.744 1.111 -1.551
0.6 1.137 -1.861
0.299 0.791 -1.899
-0.049 1.126 -1.502
-0.156 0.729 -1.697
-0.166 0.466 -1.648
-0.537 -0.347 -1.733
0.627 -0.381 -0.689