0.0000 0.0000 0.0000
-6.506 0.902 -0.372
-5.907 0.906 -1.145
-5.411 0.902 -1.789
-5.102 0.855 -2.3
-5.239 0.666 -3.19
-5.137 0.746 -3.638
-4.744 0.998 -3.748
-4.442 0.709 -3.779
-3.954 1.069 -3.901
-3.533 1.134 -4.217
-3.016 1.211 -4.175
-2.576 1.21 -4.119
-2.75 1.192 -4.543
-3.457 1.065 -5.287
-3.586 0.725 -4.965
-3.132 0.817 -3.4
-2.75 0.778 -1.888
-2.699 0.39 -0.983
-3.239 -0.14 -0.971
-3.389 -0.453 -0.71
-3.438 -0.701 -0.277
-3.637 -0.924 0.431
-3.541 -1.211 1.732
-3.178 -1.288 2.636
-2.705 -1.469 3.355
-2.374 -1.486 3.132
-2.421 -1.587 2.56
-3.144 -1.756 2.502
-2.95 -1.727 3.846
-2.388 -1.908 5.435
-2.235 -2.027 6.116
-2.012 -2.109 6.547
-0.888 -2.139 7.323
0.053 -1.839 7.728
0.349 -1.414 7.352
0.323 -1.022 7.617
0.196 -0.739 8.622
0.029 -0.527 9.526
-0.093 -0.078 9.479
-0.317 0.412 8.152
-0.181 0.939 6.397
0.551 1.655 4.757
1.117 1.938 3.627
1.41 1.968 2.816
1.51 1.97 2.319
1.678 1.962 1.931
1.674 1.861 0.937
1.377 1.856 -0.13
1.283 1.748 -1.091
0.939 1.59 -2.145
0.664 1.448 -2.655
1.39 1.303 -3.191
1.872 1.259 -3.501
1.65 0.961 -4.332
1.813 0.761 -3.459
2.028 0.427 -2.139
2.454 0.117 -1.253
2.553 0.114 -0.981
2.315 -0.155 -1.348
1.782 -1.105 -2.11
1.785 -1.572 -1.924