0.0000 0.0000 0.0000
-7.411 1.867 4.47
-6.945 1.723 3.989
-6.768 1.439 2.857
-6.298 1.217 2.098
-5.358 0.992 1.793
-4.598 1.057 1.217
-4.095 1.028 0.242
-3.685 0.9 -0.936
-3.334 0.792 -1.842
-3.07 0.524 -2.485
-2.694 0.376 -2.814
-2.786 0.158 -3.567
-2.568 0.004 -4.865
-2.216 -0.03 -5.335
-2.193 -0.096 -4.957
-2.335 -0.388 -4.677
-2.567 -0.539 -3.959
-2.871 -0.855 -3.511
-3.627 -1.046 -2.996
-3.324 -1.001 -2.395
-2.931 -0.66 -1.914
-2.811 -0.551 -2.119
-2.969 -0.633 -2.338
-3.146 -0.837 -2.518
-3.323 -0.969 -2.568
-2.947 -0.941 -2.018
-2.653 -0.968 -0.618
-2.982 -1.215 1.322
-3.028 -1.68 2.913
-3.131 -1.926 3.225
-3.395 -2.026 2.808
-2.961 -1.737 3.174
-2.053 -1.434 3.882
-0.666 -1.248 4.64
-0.255 -1.226 4.65
-0.566 -1.414 4.788
-0.923 -1.678 5.688
-0.374 -1.949 7.654
0.499 -1.892 9.06
1.578 -1.401 9.499
2.972 -0.649 8.894
3.674 -0.007 7.814
3.29 0.286 7.162
2.805 0.456 7.368
2.706 0.539 8.14
2.263 0.373 8.136
1.08 0.439 7.202
0.403 0.628 6.111
0.345 0.988 5.388
0.302 1.199 4.159
0.203 1.536 2.614
0.157 1.727 0.913
0.417 1.968 -0.634
0.711 2.004 -1.794
0.993 2.148 -2.899
2.014 3.261 -4.764
1.072 3.029 -5.373
0.344 2.571 -5.517
1.128 2.228 -4.784
1.834 1.462 -3.323
1.952 0.738 -2.215