0.0000 0.0000 0.0000
-7.454 1.677 -2.303
-6.639 1.587 -2.478
-6.087 1.221 -2.282
-5.78 1.082 -2.183
-5.547 0.948 -2.352
-5.389 0.853 -2.695
-5.393 1.052 -2.615
-5.31 1.016 -2.827
-5.193 0.966 -3.01
-5.242 0.895 -2.873
-4.899 0.788 -2.172
-4.719 0.528 -2.006
-4.558 0.269 -2.374
-4.042 0.078 -2.464
-3.344 -0.075 -1.925
-2.837 -0.18 -1.612
-2.442 -0.438 -1.459
-2.128 -0.463 -1.054
-2.2 -1.02 -0.553
-2.161 -1.469 0.2
-1.884 -1.469 0.999
-1.653 -1.339 1.743
-1.617 -1.455 2.026
-1.619 -1.749 2.694
-1.216 -1.807 3.14
-0.904 -1.868 2.774
-0.848 -1.922 2.514
-0.944 -1.928 2.857
-0.712 -1.899 3.976
-0.158 -1.769 5.501
0.658 -1.334 7.062
0.817 -1.157 8.019
0.692 -1.033 8.562
0.286 -1.111 9.438
0.189 -1.129 10.58
0.196 -0.8 11.66
-0.047 -0.617 11.597
-0.559 -0.314 9.98
-0.581 0.363 7.801
-0.238 0.939 5.849
0.233 1.396 4.178
0.416 1.688 2.872
0.443 1.717 1.749
0.503 1.606 1.341
0.694 1.678 0.587
0.728 1.674 -0.161
0.801 1.627 -0.687
0.669 1.611 -1.188
0.378 1.622 -1.612
0.022 1.589 -1.813
-0.074 1.525 -1.692
0.57 2.545 -1.359
0.013 1.463 -2.102
0.218 0.222 -1.59
0.412 0.475 -1.5