0.0000 0.0000 0.0000
-5.592 1.307 4.384
-5.377 0.581 5.377
-5.184 -0.433 6.614
-4.744 -1.001 7.582
-4.373 -1.298 8.625
-4.056 -1.538 8.624
-3.719 -1.6 7.934
-3.477 -1.397 6.615
-3.448 -1.352 5.178
-3.353 -1.32 3.669
-2.914 -1.274 2.811
-2.364 -1.259 2.581
-2.007 -1.228 3.038
-1.918 -1.372 3.441
-1.994 -1.476 3.511
-2.337 -1.458 3.272
-2.707 -1.338 2.91
-3.22 -1.135 2.602
-3.39 -1.142 2.229
-3.335 -1.002 2.006
-3.346 -1.005 1.358
-3.442 -0.974 -0.061
-3.4 -0.919 -1.193
-3.491 -0.612 -2.323
-3.805 -0.507 -3.97
-3.433 0.059 -5.167
-2.84 0.433 -5.788
-2.504 0.777 -6.244
-2.667 1.018 -6.705
-3.28 1.235 -6.767
-3.391 1.534 -6.901
-3.233 1.829 -6.823
-2.66 1.879 -6.442
-2.084 1.967 -6.091
-1.711 2.028 -5.956
-1.532 1.92 -5.765
-1.016 1.823 -5.62
-0.475 1.555 -5.385
-0.1 1.115 -4.519
0.219 0.736 -3.222
0.042 0.154 -2.254
-0.142 -0.154 -2.183
-0.136 -0.156 -2.353
-0.045 -0.149 -2.316
0.036 -0.168 -1.938
0.42 -0.031 -1.063
0.912 -0.01 -0.302
1.416 0.067 0.357
1.817 0.13 0.623
2.36 0.091 0.931
2.718 -0.098 1.165
2.808 -0.209 1.014
2.614 -0.214 0.568
2.102 -0.512 -0.186