0.0000 0.0000 0.0000
-6.876 2.324 5.479
-6.223 1.979 5.414
-5.833 1.583 5.217
-5.259 1.338 5.014
-4.578 1.118 4.849
-4.077 0.869 4.803
-3.764 0.48 5.082
-3.439 0.001 5.375
-3.147 -0.352 5.854
-2.789 -0.411 5.76
-2.717 -0.525 5.055
-2.652 -0.679 4.205
-2.619 -0.879 3.413
-2.495 -1.248 3.038
-2.185 -1.252 2.949
-1.941 -1.325 3.016
-1.738 -1.434 2.809
-1.547 -1.454 2.58
-1.53 -1.438 2.15
-1.774 -1.372 1.297
-2.088 -1.321 0.322
-2.094 -1.076 -0.51
-1.73 -1.02 -1.166
-1.238 -1.125 -1.523
-0.924 -0.866 -1.604
-1.332 -0.59 -1.952
-1.828 -0.496 -2.739
-1.852 -0.309 -3.319
-1.718 -0.08 -3.487
-1.538 0.022 -3.534
-1.444 0.089 -3.62
-1.765 0.089 -3.698
-2.089 0.019 -3.38
-2.207 -0.025 -3.214
-1.986 0.149 -3.401
-1.564 0.488 -3.751
-0.942 0.844 -4.151
-0.451 1.044 -4.719
-0.458 1.232 -4.574
-0.998 1.092 -4.194
-1.079 1.327 -4.051
-0.885 1.436 -3.801
-0.581 1.534 -3.481
-0.488 1.466 -3.684
-0.267 1.613 -3.859
-0.18 1.383 -3.74
-0.265 1.244 -3.237
-0.359 1.223 -2.767
-0.203 1.101 -2.111
-0.027 1.034 -1.805
-0.033 0.836 -1.659
-0.211 0.666 -1.269
-0.19 0.453 -0.771
-0.222 0.209 -0.22
-0.303 0.085 0.215
-0.299 -0.095 0.564
-0.252 -0.103 0.697
0.143 -0.187 1.032
0.413 -0.125 1.317
0.441 -0.311 0.797
0.371 -0.375 0.735
0.497 -0.527 0.696
0.508 -0.552 0.773
0.828 -0.471 1.1
0.883 -1.285 1.18