0.0000 0.0000 0.0000
-6.859 2.005 3.393
-6.001 1.701 3.579
-5.254 1.444 3.618
-4.685 1.128 3.661
-4.277 0.696 4.295
-3.901 0.428 4.986
-3.614 0.075 5.358
-3.399 -0.139 5.572
-3.292 -0.237 5.394
-3.265 -0.316 4.777
-3.231 -0.423 4.075
-2.96 -0.449 3.573
-2.75 -0.585 3.534
-2.664 -0.699 3.276
-2.691 -0.776 2.827
-2.715 -0.948 2.648
-2.624 -0.862 2.374
-2.629 -0.75 2.008
-2.745 -0.537 1.471
-2.807 -0.414 0.824
-2.664 -0.579 0.293
-2.286 -0.616 -0.115
-2.005 -0.727 -0.672
-1.925 -0.732 -1.165
-1.879 -0.805 -1.376
-2.114 -0.88 -1.626
-2.161 -0.93 -2.11
-1.971 -0.725 -2.485
-1.661 -0.557 -2.978
-1.426 -0.286 -3.542
-1.396 -0.145 -3.851
-1.446 -0.191 -3.983
-1.697 -0.275 -3.645
-1.872 -0.291 -3.306
-1.59 -0.115 -3.208
-1.095 0.214 -3.155
-0.684 0.365 -3.399
-0.512 0.57 -3.887
-0.349 0.659 -4.507
0.004 0.852 -4.461
0.331 0.853 -4.144
0.332 0.923 -3.756
0.135 1.037 -3.975
-0.006 1.158 -4.344
-0.075 1.197 -4.617
0.035 1.275 -4.25
0.083 1.337 -3.652
0.109 1.247 -2.968
-0.082 0.863 -2.352
-0.151 0.562 -1.686
-0.101 0.333 -0.974
-0.039 0.196 -0.437
-0.311 -0.055 -0.385
-0.513 0.027 -0.243
-0.668 -0.199 0.117
-0.765 -0.808 1.027
-0.542 -0.339 1.674
-0.393 -0.271 1.946
-0.207 -0.27 2.122
0.028 0.093 1.97
0.689 0.161 1.722
1.163 0.145 1.368