0.0000 0.0000 0.0000
-6.264 1.815 3.953
-5.827 1.582 4.084
-5.391 1.131 4.485
-4.886 0.699 4.985
-4.277 0.534 5.426
-3.772 0.23 5.685
-3.369 -0.154 6.021
-3.092 -0.371 6.505
-2.791 -0.429 6.63
-2.547 -0.662 6.433
-2.344 -0.63 5.712
-2.187 -0.825 5.054
-1.985 -1.01 4.695
-1.821 -1.202 4.536
-1.794 -1.513 4.556
-2.08 -1.766 4.394
-2.424 -1.814 4.135
-2.905 -1.805 3.929
-3.313 -1.504 3.398
-3.706 -1.37 2.412
-3.973 -1.251 1.222
-3.8 -1.082 -0.08
-3.437 -0.819 -1.373
-3.153 -0.625 -2.201
-2.959 -0.424 -3.188
-2.421 0.048 -4.282
-1.576 0.121 -4.518
-0.987 0.238 -4.876
-1.044 0.197 -5.147
-1.706 0.246 -4.753
-2.277 0.377 -4.64
-2.644 0.589 -5.244
-2.578 1.073 -6.694
-2.406 1.448 -7.86
-1.924 1.476 -8.281
-1.266 1.811 -8.151
-0.821 2.0 -7.861
-0.514 2.11 -7.067
-0.67 1.856 -5.955
-0.999 1.636 -5.454
-0.899 1.55 -5.047
-0.413 1.473 -4.697
-0.122 1.118 -4.365
0.105 0.834 -3.549
0.336 0.682 -2.694
0.604 0.519 -1.882
0.699 0.225 -1.013
0.724 0.005 -0.205
0.47 -0.081 0.427
0.216 -0.487 0.824
0.169 -0.421 1.164
0.333 -0.448 1.478
0.48 -0.463 1.623
0.708 -0.253 1.616
1.12 -0.503 2.041
1.353 -0.617 2.0
1.485 -0.383 2.136
1.733 -0.612 2.56
1.947 -0.456 1.606