0.0000 0.0000 0.0000
-6.687 1.953 4.479
-6.052 1.723 5.048
-5.387 1.387 5.759
-4.796 0.766 6.131
-4.265 0.224 6.621
-3.933 -0.125 7.174
-3.609 -0.552 7.448
-3.429 -0.911 7.324
-3.474 -1.147 6.97
-3.523 -1.369 6.325
-3.248 -1.654 5.796
-3.104 -1.687 5.371
-3.156 -1.828 4.602
-3.366 -1.714 4.064
-3.469 -1.517 3.39
-3.544 -1.46 2.603
-3.371 -1.357 1.748
-3.042 -1.161 0.97
-2.79 -0.924 0.037
-2.89 -0.789 -0.983
-3.006 -0.641 -1.842
-2.878 -0.62 -2.269
-2.633 -0.489 -2.758
-2.344 -0.207 -3.37
-2.187 0.183 -3.955
-1.985 0.191 -4.301
-2.02 0.404 -4.482
-2.447 0.235 -4.362
-2.788 0.116 -3.874
-3.044 0.406 -3.771
-2.455 0.555 -3.98
-1.718 0.715 -4.357
-0.9 1.178 -5.094
-0.413 1.482 -5.765
-0.208 1.558 -6.145
0.01 1.713 -6.031
0.061 1.438 -4.936
-0.031 1.372 -4.227
-0.14 1.157 -3.822
-0.091 1.093 -3.345
0.089 1.173 -3.441
0.037 1.133 -3.476
-0.215 0.96 -3.284
-0.401 0.769 -2.688
-0.55 0.537 -1.669
-0.711 0.207 -0.925
-0.846 -0.063 -0.238
-0.839 -0.315 0.371
-0.574 -0.335 0.567
-0.017 -0.095 0.527
0.415 0.345 0.423
1.003 0.017 0.191
1.333 -0.397 0.344
1.45 -0.435 0.525
1.244 -1.193 0.257