0.0000 0.0000 0.0000
-6.575 1.996 1.971
-5.796 1.762 1.593
-5.199 1.293 1.795
-4.585 0.991 1.935
-4.04 0.866 1.767
-3.584 0.814 1.728
-3.381 0.465 1.917
-3.163 0.246 2.579
-2.959 0.058 3.347
-2.784 -0.275 4.701
-2.85 -0.747 5.834
-3.134 -1.043 6.621
-3.303 -1.111 6.321
-3.326 -0.914 6.06
-3.364 -0.908 5.548
-3.493 -0.929 4.993
-3.402 -1.233 4.597
-2.959 -1.394 4.862
-2.783 -1.608 4.996
-3.013 -1.654 4.591
-3.29 -1.583 3.572
-3.167 -1.511 2.68
-2.79 -1.481 1.929
-2.313 -1.419 1.159
-2.047 -1.337 0.069
-1.998 -1.152 -1.075
-1.867 -0.976 -2.027
-1.749 -0.835 -2.617
-1.746 -0.847 -2.537
-1.822 -0.753 -3.153
-2.122 -0.626 -4.096
-2.16 -0.4 -5.118
-2.013 -0.205 -5.58
-1.742 -0.012 -6.022
-1.637 0.713 -6.324
-2.137 1.029 -6.321
-2.277 1.426 -6.611
-1.73 1.904 -7.234
-0.954 2.136 -7.942
-0.229 2.569 -8.061
0.267 2.674 -7.531
0.413 2.501 -6.864
0.449 2.285 -5.85
0.335 1.841 -4.506
0.12 1.312 -3.409
0.169 0.845 -2.068
0.195 0.398 -1.224
0.141 0.203 -1.006
0.049 0.036 -0.957
-0.093 -0.104 -0.784
-0.032 -0.137 -0.275
0.324 -0.071 0.329
0.998 -0.004 0.796
1.691 0.151 0.923
2.169 0.196 0.719
2.262 -0.15 0.32
1.863 -0.101 -0.401