0.0000 0.0000 0.0000
-6.954 1.005 6.168
-5.983 0.835 5.776
-5.367 0.829 5.164
-5.046 0.919 3.949
-5.11 0.474 2.968
-4.883 0.323 2.921
-4.309 0.135 3.525
-3.619 -0.093 4.388
-2.852 -0.316 5.199
-2.395 -0.448 5.972
-2.491 -0.395 5.943
-2.845 -0.476 4.841
-3.035 -0.532 3.779
-2.749 -0.634 3.134
-2.198 -0.682 3.329
-1.685 -0.631 3.72
-1.275 -0.68 3.719
-1.26 -0.741 3.614
-1.728 -0.908 3.097
-2.348 -0.645 2.425
-2.751 -0.632 1.743
-2.64 -0.707 1.612
-2.178 -0.679 1.925
-1.96 -0.818 1.517
-1.902 -0.978 0.805
-1.849 -1.001 0.035
-1.647 -0.995 -0.209
-1.603 -0.999 -0.455
-1.736 -0.977 -1.134
-1.984 -0.888 -2.098
-1.898 -0.842 -2.939
-1.622 -0.637 -3.576
-1.382 -0.435 -3.848
-0.856 -0.202 -3.877
-0.684 -0.087 -3.687
-0.547 0.102 -3.698
-0.44 0.238 -3.923
-0.37 0.137 -3.935
-0.092 0.407 -4.05
-0.005 0.539 -4.292
0.072 0.744 -4.733
0.22 0.988 -4.872
-0.008 0.906 -4.6
-0.447 0.945 -4.364
-0.833 0.945 -3.979
-0.758 1.178 -4.021
-0.432 1.284 -4.101
-0.165 1.346 -4.579
0.126 1.435 -4.914
0.519 1.645 -4.888
0.734 1.549 -4.709
0.695 1.36 -4.385
0.548 1.172 -3.714
0.269 1.072 -3.411
-0.171 0.732 -2.579
-0.903 0.392 -1.873
-1.451 0.102 -1.582
-2.064 -0.027 -1.355
-2.375 -0.033 -1.021
-2.749 0.038 -0.643
-2.517 0.034 -0.225
-1.662 0.082 0.072
-0.746 0.247 0.237
0.233 0.265 1.101
0.494 0.161 1.672
0.143 0.171 0.712
-0.629 0.145 -0.143
-0.894 -0.834 0.276