0.0000 0.0000 0.0000
-6.213 1.203 5.556
-5.781 0.781 5.63
-5.306 0.289 5.756
-4.767 0.2 5.81
-4.307 0.326 5.936
-3.902 0.173 5.756
-3.581 -0.042 5.577
-3.361 -0.244 5.355
-3.111 -0.375 5.182
-2.938 -0.63 5.025
-2.739 -0.679 4.781
-2.603 -0.741 4.493
-2.635 -0.779 3.983
-2.605 -0.839 3.257
-2.603 -0.841 2.837
-2.635 -1.007 2.639
-2.811 -1.001 2.522
-2.961 -1.099 2.183
-2.967 -0.998 1.689
-2.894 -1.07 1.098
-2.648 -0.877 0.686
-2.443 -0.781 0.325
-2.311 -0.728 -0.052
-2.433 -0.655 -0.71
-2.621 -0.823 -1.76
-2.522 -0.706 -3.032
-2.399 -0.678 -4.013
-2.116 -0.584 -4.103
-1.913 -0.578 -3.942
-1.791 -0.468 -3.617
-1.603 -0.18 -3.497
-1.52 0.173 -3.871
-1.584 0.208 -4.742
-1.417 0.445 -5.638
-1.284 0.513 -6.031
-0.931 0.763 -5.842
-0.597 1.023 -5.387
-0.52 1.015 -4.598
-0.752 0.724 -3.656
-1.228 0.591 -3.497
-1.33 0.48 -3.207
-0.878 0.389 -2.706
-0.471 0.307 -2.469
-0.148 0.457 -2.593
0.055 0.903 -3.084
0.179 1.166 -3.551
0.299 1.317 -3.825
0.269 1.262 -3.718
0.13 1.205 -3.036
0.022 1.007 -2.069
0.003 0.725 -1.069
-0.091 0.368 -0.376
-0.134 -0.064 0.359
0.051 -0.368 1.219
0.261 -0.4 1.64
0.373 -0.498 1.83
0.723 -0.362 1.905
1.117 0.122 1.853
1.582 -0.131 1.848
2.045 -0.601 1.095
2.469 -1.851 1.269