0.0000 0.0000 0.0000
-7.661 2.16 3.367
-7.006 1.832 3.375
-6.306 1.64 3.434
-5.658 1.26 3.66
-5.032 0.867 4.259
-4.434 0.806 4.445
-3.99 0.596 4.302
-3.686 0.356 3.984
-3.317 0.26 3.646
-2.951 0.104 3.359
-2.621 -0.017 3.255
-2.325 -0.188 3.395
-2.092 -0.41 3.831
-2.03 -0.748 3.965
-1.93 -0.855 3.983
-1.952 -0.959 3.782
-1.973 -0.992 3.292
-1.939 -1.022 2.851
-1.685 -0.972 2.497
-1.473 -1.012 2.023
-1.3 -0.997 1.295
-1.428 -0.94 0.864
-1.604 -0.648 0.32
-1.944 -0.471 -0.28
-2.042 -0.415 -0.846
-2.062 -0.451 -1.055
-1.959 -0.587 -1.234
-1.669 -0.58 -1.196
-1.476 -0.669 -1.318
-1.233 -0.559 -1.695
-1.015 -0.391 -2.292
-0.957 -0.274 -3.14
-0.801 -0.238 -3.749
-0.419 -0.093 -3.882
0.105 -0.058 -3.718
0.232 -0.104 -3.562
0.062 -0.085 -3.43
-0.046 -0.033 -3.216
-0.43 -0.039 -2.886
-0.792 -0.138 -2.519
-0.876 0.082 -2.155
-0.754 0.237 -2.0
-0.567 0.334 -2.334
-0.355 0.602 -2.73
-0.336 0.516 -3.026
-0.466 0.602 -3.361
-0.747 0.723 -3.533
-0.948 1.073 -3.766
-1.06 1.276 -3.898
-1.187 1.338 -3.594
-1.672 1.178 -3.106
-2.09 0.983 -2.381
-1.976 0.798 -1.531
-1.425 0.581 -0.464
-1.05 0.376 0.641
-0.462 -0.143 1.336
-0.269 -0.146 1.047
-0.363 -0.416 0.442
-0.913 -0.986 -0.291