0.0000 0.0000 0.0000
-5.411 -0.597 8.659
-5.18 -0.434 7.836
-4.662 -0.477 7.294
-4.049 -0.317 6.996
-3.627 -0.302 6.649
-3.635 -0.522 6.648
-3.47 -0.573 6.061
-3.157 -0.43 5.506
-2.91 -0.344 4.844
-2.628 -0.344 4.333
-2.331 -0.326 3.96
-2.287 -0.328 3.616
-2.308 -0.338 3.168
-2.258 -0.391 2.998
-2.015 -0.515 2.948
-1.857 -0.455 2.989
-1.887 -0.341 2.458
-2.275 -0.082 1.41
-2.66 -0.057 0.243
-2.549 0.008 0.15
-2.285 0.197 0.066
-2.72 0.1 -0.017
-3.069 -0.134 -0.033
-3.107 -0.034 0.004
-3.33 -0.211 -0.314
-3.264 -0.311 -0.705
-3.248 -0.444 -1.143
-3.354 -0.632 -1.804
-3.114 -0.405 -2.469
-2.802 -0.097 -3.394
-2.539 0.196 -4.218
-2.613 0.435 -4.649
-2.782 0.374 -4.753
-2.539 0.182 -4.295
-2.612 0.413 -4.055
-2.903 0.372 -4.348
-2.81 0.43 -4.818
-2.598 0.585 -5.388
-2.382 0.854 -5.719
-2.049 1.199 -6.07
-1.542 1.562 -6.394
-0.802 1.552 -6.668
0.027 1.612 -6.432
0.749 1.658 -5.702
1.122 1.69 -5.037
1.087 1.573 -4.292
0.711 1.329 -3.484
0.175 0.921 -2.67
-0.281 0.622 -1.972
-0.538 0.266 -1.197
-0.622 0.041 -0.56
-0.189 -0.091 0.029
0.553 0.029 -0.119
0.868 0.285 -0.237
1.014 0.274 0.105
1.464 -0.175 0.37
1.551 -0.571 0.937
1.12 -1.747 0.903