0.0000 0.0000 0.0000
-0.438 -1.39 10.814
-0.368 -1.139 10.241
-0.288 -1.301 9.907
-0.087 -1.61 9.554
0.111 -1.535 9.572
0.401 -1.373 9.839
0.404 -1.313 9.872
0.389 -1.234 9.402
0.428 -1.024 8.755
0.514 -0.896 8.327
0.515 -0.901 8.339
0.136 -1.138 8.272
-0.256 -1.283 8.135
-0.36 -1.706 8.105
-0.703 -2.053 7.855
-0.814 -2.701 7.811
-0.741 -3.025 7.09
-0.658 -3.05 5.959
-0.368 -3.012 4.811
-0.305 -3.039 3.209
-0.352 -2.804 1.32
-0.326 -2.575 -0.251
-0.509 -2.843 -2.044
-0.32 -2.335 -3.115
0.039 -2.041 -4.071
0.121 -1.578 -5.043
0.505 -0.576 -6.598
-0.303 -0.484 -7.093
-0.005 -0.685 -8.28
-0.013 0.408 -9.426
0.487 1.557 -9.707
0.878 0.72 -8.978
0.893 0.976 -8.563
1.485 1.318 -8.525
1.716 1.582 -7.526
1.897 2.139 -6.618
1.587 2.098 -5.939
1.454 2.19 -5.043
1.179 2.134 -4.513
0.872 1.938 -4.2
0.776 1.925 -3.754
0.56 1.914 -3.37
0.358 1.938 -2.878
0.184 1.83 -2.245
0.054 1.768 -1.615
0.057 2.298 -1.195
-0.25 1.077 -0.705
0.033 1.598 -0.755
-0.194 1.869 0.078
-0.605 0.751 0.803
-0.622 0.461 0.645
-0.543 0.535 0.701
-0.48 0.585 0.958
-0.371 0.708 0.638
-0.489 0.852 -0.786