0.0000 0.0000 0.0000
-2.144 -1.959 13.253
-2.163 -1.789 12.781
-1.981 -1.653 12.012
-1.886 -1.583 11.664
-1.887 -1.39 11.092
-1.724 -1.268 10.379
-1.474 -1.374 10.246
-1.284 -1.581 9.98
-0.828 -1.302 9.275
-0.728 -1.232 8.684
-0.767 -1.402 7.445
-0.897 -1.21 6.183
-1.023 -1.055 5.341
-1.162 -1.139 4.462
-0.925 -1.051 3.619
-0.703 -1.221 2.99
-0.943 -1.384 1.639
-1.081 -1.849 0.622
-0.585 -2.026 0.499
0.369 -1.711 0.648
0.909 -1.988 0.807
1.292 -1.987 0.493
1.379 -1.935 -0.227
1.154 -1.69 -1.609
0.737 -1.486 -2.939
0.491 -1.027 -4.171
0.494 -0.476 -5.374
0.539 -0.049 -6.38
0.899 0.196 -6.983
1.395 0.564 -6.957
1.79 1.059 -6.795
1.895 1.376 -6.814
1.956 1.471 -7.072
2.148 1.496 -6.985
2.252 1.424 -6.649
1.803 1.368 -6.217
1.502 1.722 -5.509
1.041 1.731 -4.647
0.834 1.721 -3.7
0.888 1.696 -3.123
0.911 1.561 -2.811
0.786 1.534 -2.59
0.75 1.613 -2.21
0.709 1.624 -1.705
0.63 1.712 -1.595
0.463 1.721 -1.349
0.167 1.713 -1.231
-0.15 1.74 -0.97
-0.351 1.755 -0.192
-0.652 1.64 0.507
-0.776 1.33 1.034
-0.621 1.024 1.853
-0.18 0.836 2.331
-0.144 0.838 2.287
-0.449 0.677 1.679
-0.456 0.773 0.279
-0.41 1.144 -0.774
-0.222 1.262 -1.222
-0.295 1.162 -1.548
-0.196 0.933 -0.488