0.0000 0.0000 0.0000
-1.024 -0.804 12.547
-1.275 -0.844 12.119
-1.44 -0.786 11.743
-1.382 -0.647 11.689
-1.287 -0.565 11.753
-1.21 -0.724 11.819
-1.149 -0.979 12.128
-1.112 -1.329 12.294
-1.009 -1.368 11.961
-0.96 -1.378 11.334
-0.864 -1.559 10.278
-0.726 -1.886 9.017
-0.602 -2.085 7.633
-0.412 -2.428 6.628
-0.112 -2.987 6.026
0.407 -3.266 5.13
0.452 -3.215 3.772
0.278 -3.626 2.128
-0.129 -3.772 -0.178
-0.159 -3.541 -2.539
0.02 -3.187 -4.656
0.294 -2.816 -5.793
0.635 -2.337 -6.343
0.494 -1.853 -6.605
0.393 -1.099 -7.22
0.241 -0.411 -8.394
0.252 0.112 -9.554
1.019 0.833 -9.168
1.797 1.241 -8.225
1.824 1.41 -7.687
1.693 1.502 -7.03
1.627 1.774 -6.715
1.533 2.01 -6.742
1.673 2.188 -6.86
1.609 2.202 -6.51
1.396 2.327 -5.851
1.05 2.283 -4.973
0.781 2.09 -4.001
0.591 1.984 -3.067
0.29 1.854 -2.579
0.02 1.721 -2.08
-0.145 1.54 -1.518
-0.242 1.532 -0.892
-0.39 1.405 -0.157
-0.472 1.135 0.375
-0.33 0.91 0.734
-0.107 0.732 0.859
0.058 0.668 0.497
0.293 0.859 -0.086
0.402 1.179 -0.741
0.439 1.466 -1.417
0.318 1.776 -1.809
-0.368 1.073 -1.594