0.0000 0.0000 0.0000
-0.757 -1.881 11.193
-0.758 -1.736 10.358
-0.76 -1.614 9.935
-0.736 -1.393 9.88
-0.697 -1.245 10.056
-0.748 -1.336 10.481
-0.742 -1.305 10.433
-0.59 -1.382 10.363
-0.677 -1.45 10.318
-0.782 -1.633 9.967
-0.695 -1.65 9.505
-0.531 -1.701 8.856
-0.65 -2.039 8.022
-0.611 -2.068 7.082
-0.619 -2.525 6.081
-0.565 -2.781 5.067
-0.293 -2.804 4.121
-0.005 -2.877 3.08
-0.212 -3.003 1.918
-0.234 -3.048 0.494
0.142 -2.657 -0.606
0.3 -2.443 -1.855
0.434 -2.25 -2.782
0.296 -1.853 -3.641
0.145 -1.409 -4.432
-0.04 -1.052 -5.083
0.066 -0.68 -5.454
0.396 0.111 -5.952
0.623 0.703 -6.641
0.699 1.219 -7.373
0.913 1.623 -7.739
1.192 1.659 -7.672
1.53 1.95 -7.404
1.558 2.246 -7.233
1.359 2.176 -7.225
1.171 2.14 -6.7
1.089 2.15 -5.729
0.764 2.081 -5.001
0.498 2.106 -4.164
0.397 2.128 -3.231
0.245 1.915 -2.718
0.272 1.81 -2.36
0.443 1.62 -2.133
0.545 1.501 -1.876
0.465 1.256 -1.439
0.461 1.087 -0.691
0.398 1.073 -0.165
0.237 1.181 0.117
0.283 1.46 0.407
0.315 1.702 0.78
0.162 1.704 1.021
0.0 1.611 1.29
-0.068 1.751 1.324
-0.027 1.714 1.175
-0.162 1.095 0.609
0.051 1.261 -0.011
0.175 1.048 -0.26
-0.057 0.651 -0.553
-0.241 0.439 -0.661
-0.32 0.455 -0.966
-0.331 0.642 -1.86
-0.47 0.061 -1.062