0.0000 0.0000 0.0000
-1.11 -1.907 11.461
-1.206 -1.734 11.168
-1.292 -1.655 10.318
-1.206 -1.533 9.941
-1.352 -1.293 10.421
-1.571 -1.25 10.56
-1.862 -1.358 10.555
-2.012 -1.377 10.577
-1.974 -1.437 10.114
-1.828 -1.466 9.551
-1.654 -1.828 9.294
-1.23 -2.033 9.045
-0.719 -1.985 8.796
-0.337 -2.165 7.692
-0.036 -2.475 6.94
0.07 -2.813 5.979
0.21 -3.17 4.872
0.309 -3.042 3.825
0.425 -2.919 2.365
0.546 -2.955 1.025
0.629 -2.719 0.035
0.67 -2.715 -0.649
0.663 -2.555 -1.342
0.605 -2.308 -2.716
0.226 -1.741 -4.039
0.169 -1.438 -4.876
0.436 -0.941 -5.914
0.599 -0.252 -6.762
0.548 0.186 -7.732
0.691 1.159 -9.105
1.131 2.043 -9.367
1.509 2.261 -9.137
1.703 2.448 -8.99
1.86 2.402 -8.41
1.915 2.446 -7.715
1.913 2.546 -7.056
1.498 2.421 -6.299
1.279 2.135 -5.479
1.28 2.034 -4.5
1.299 1.899 -3.654
1.083 1.735 -3.012
0.768 1.803 -2.539
0.51 1.838 -2.0
0.131 1.706 -1.576
0.135 1.846 -1.255
0.182 2.023 -1.095
0.069 1.967 -0.873
-0.127 1.951 -0.751
-0.51 1.817 -0.599
-0.847 1.566 -0.539
-0.84 1.366 -0.33
-0.506 1.135 0.271
0.018 0.78 0.666
0.507 0.693 0.634
0.81 0.624 0.407
0.832 0.768 -0.296
0.758 0.993 -0.93
0.63 1.04 -0.786
0.248 -0.235 -2.25