0.0000 0.0000 0.0000
-0.343 -1.571 10.461
-0.49 -1.38 9.673
-0.622 -1.491 8.999
-0.602 -1.342 8.642
-0.49 -1.053 8.364
-0.347 -0.749 7.932
-0.355 -0.571 7.967
-0.397 -0.565 8.308
-0.297 -0.63 8.649
-0.164 -0.791 8.793
-0.096 -0.987 8.887
-0.086 -0.932 8.533
-0.181 -0.942 8.248
-0.318 -0.899 7.768
-0.372 -1.214 7.638
-0.154 -1.377 7.331
-0.044 -1.619 6.52
-0.237 -2.009 5.601
-0.205 -2.17 4.644
-0.228 -2.685 3.594
-0.463 -3.201 2.51
-0.624 -3.708 1.483
-0.286 -3.113 0.551
-0.128 -2.88 -0.296
-0.055 -2.686 -1.025
0.14 -1.978 -1.862
0.143 -1.375 -2.745
0.051 -1.057 -3.418
-0.126 -0.942 -4.18
-0.38 -0.857 -5.175
-0.187 -0.581 -6.261
0.219 -0.083 -6.652
0.774 -0.066 -7.184
0.99 0.0 -7.793
1.408 0.362 -7.747
1.543 0.661 -7.411
1.423 0.897 -7.299
1.401 1.523 -7.397
1.253 2.189 -7.467
0.981 2.194 -7.169
0.814 2.121 -6.504
0.543 1.995 -5.801
0.342 1.916 -5.066
0.256 1.957 -4.43
0.239 1.96 -3.78
0.379 2.057 -3.1
0.401 1.929 -2.592
0.275 1.874 -2.178
0.014 1.747 -1.727
-0.055 1.882 -1.08
-0.472 1.203 -0.326
-0.338 1.47 0.706
-0.313 1.427 1.204
-0.359 1.008 1.342
-0.401 0.985 0.63
-0.404 1.153 0.197
-0.381 1.34 -0.02
-0.325 1.395 -0.217
-0.327 1.247 -0.247
-0.139 1.502 -0.36