0.0000 0.0000 0.0000
-0.903 -0.649 10.168
-0.796 -0.584 10.099
-0.699 -0.543 10.08
-0.706 -0.532 9.71
-0.868 -0.228 8.937
-1.247 -0.542 8.879
-1.476 -0.599 8.672
-1.535 -0.557 8.339
-1.243 -0.811 8.419
-1.033 -1.204 8.551
-0.921 -1.532 9.041
-0.846 -2.068 9.283
-0.856 -2.585 9.07
-0.762 -2.861 8.663
-0.548 -2.747 7.624
-0.415 -2.645 6.431
-0.253 -2.639 5.253
-0.038 -2.59 3.762
0.103 -3.193 2.524
0.523 -2.874 1.453
0.859 -2.276 0.713
1.066 -2.936 -0.133
1.226 -2.849 -0.87
1.371 -2.435 -1.679
1.475 -2.097 -2.666
1.646 -1.275 -3.296
1.654 -1.139 -3.613
1.515 -0.939 -4.277
1.268 -0.604 -5.021
0.883 -0.233 -5.666
0.803 0.669 -6.633
0.93 1.248 -6.961
1.026 1.416 -6.713
0.579 1.042 -6.68
0.633 1.145 -6.667
0.88 1.789 -6.56
0.956 2.023 -6.378
1.17 2.157 -6.232
1.053 2.321 -5.893
0.913 2.407 -5.26
0.684 2.434 -4.648
0.219 2.147 -4.028
-0.466 2.105 -3.711
-0.807 2.032 -3.064
-0.588 1.682 -2.008
-0.297 1.471 -0.963
-0.163 1.531 -0.565
0.033 1.498 -0.491
0.305 1.641 -0.373
0.171 1.451 -0.241
0.094 1.272 -0.027
0.015 1.084 0.294
-0.054 0.924 0.497
0.037 0.961 0.542
0.197 0.916 0.471
0.289 0.833 0.682
0.303 0.681 0.95
0.324 0.509 1.381
0.249 0.553 1.251
0.25 0.687 0.661
0.208 0.722 0.112
0.057 0.771 -0.467
-0.292 0.676 -0.912
-0.608 0.807 -1.803
-0.857 0.648 -1.218