0.0000 0.0000 0.0000
-0.791 -0.951 12.185
-0.945 -1.657 12.474
-0.954 -1.81 12.727
-0.548 -1.491 12.885
-0.036 -1.17 12.32
0.027 -1.156 10.942
0.145 -1.066 9.649
0.191 -0.667 8.624
0.042 -0.479 7.848
-0.065 -0.423 7.244
0.139 -0.441 7.123
0.022 -0.664 6.686
-0.333 -0.882 6.173
-0.584 -0.992 5.469
-0.913 -1.41 4.543
-0.874 -1.76 3.684
-0.51 -1.618 2.901
-0.166 -1.698 2.016
0.22 -1.718 1.599
0.12 -1.891 1.155
0.177 -2.288 1.057
0.366 -2.429 0.908
0.537 -2.66 0.679
0.569 -2.748 0.008
0.279 -2.507 -1.302
-0.084 -2.041 -2.663
-0.498 -1.708 -3.75
-0.586 -1.304 -4.538
-0.45 -0.743 -5.334
-0.387 -0.281 -5.93
-0.09 0.1 -5.94
0.513 0.357 -5.631
0.918 0.382 -5.61
1.456 0.628 -5.334
1.56 0.979 -5.162
1.387 1.346 -5.275
1.024 1.643 -5.351
0.792 1.685 -5.066
0.644 1.732 -4.628
0.493 1.766 -4.131
0.34 1.882 -3.666
0.539 2.228 -3.196
0.709 2.514 -2.962
0.63 2.443 -3.14
0.549 2.32 -3.154
0.451 1.933 -2.804
0.337 1.386 -2.084
0.278 1.075 -1.487
0.095 1.079 -1.028
0.163 1.385 -0.503
0.155 1.643 -0.341
0.019 1.996 -0.453
-0.051 2.012 -0.356
-0.218 1.759 -0.407
-0.421 1.419 -0.219
-0.775 1.234 -0.128
-0.904 1.059 0.392
-0.469 0.875 1.404
-0.215 0.788 1.721
-0.271 0.855 1.385
-0.468 0.934 1.013
-0.542 0.969 0.688
-0.436 1.002 0.688
-0.22 0.858 0.878
0.025 0.695 0.626
0.143 0.556 -0.134
0.387 0.725 -1.499
-0.616 0.825 -1.177
-0.976 -0.179 -0.809
-0.973 -0.514 -1.763
-0.98 -0.566 -1.776