0.0000 0.0000 0.0000
-0.455 -0.882 10.409
-0.444 -0.983 10.032
-0.529 -0.867 9.313
-0.734 -0.91 8.373
-1.109 -1.138 7.579
-1.283 -1.231 6.829
-1.146 -1.151 6.81
-1.057 -0.786 6.784
-0.848 -0.845 6.959
-0.901 -1.036 6.185
-0.949 -1.105 5.575
-0.905 -1.201 5.621
-0.444 -1.478 5.723
-0.158 -1.675 6.021
-0.056 -1.947 5.772
0.0 -1.942 5.945
-0.171 -1.79 6.005
-0.663 -1.818 5.387
-0.691 -1.645 4.719
-0.467 -1.196 3.747
-0.343 -1.369 2.709
-0.032 -1.327 2.197
0.151 -0.858 1.882
-0.217 -1.074 1.341
-0.419 -1.38 1.12
-0.144 -1.906 1.258
0.464 -2.129 1.701
0.848 -2.037 1.833
0.695 -1.911 1.21
0.289 -1.823 0.313
-0.48 -1.709 -1.381
-0.751 -1.28 -2.941
-0.659 -1.014 -3.698
-0.326 -0.792 -4.561
0.18 -0.195 -4.941
0.481 0.271 -5.024
0.726 0.442 -4.858
1.084 0.476 -4.699
1.277 0.376 -4.609
1.331 0.321 -4.389
1.327 0.375 -4.226
1.28 0.622 -3.838
0.971 0.784 -3.17
0.788 1.093 -2.904
0.726 1.346 -2.907
0.895 1.522 -3.194
1.038 1.602 -3.09
0.995 1.64 -2.858
0.74 1.588 -2.917
0.597 1.714 -2.763
0.279 1.706 -2.211
0.173 1.828 -1.568
0.216 1.921 -0.859
0.117 2.108 -0.833
0.036 2.441 -1.224
-0.096 2.515 -1.895
-0.224 2.453 -2.291
-0.288 2.389 -2.502
-0.138 2.288 -2.372
0.15 2.042 -1.954
0.394 1.838 -1.81
0.432 1.637 -1.551
0.475 1.326 -1.155
0.358 0.909 -0.764
0.46 0.637 -0.446
0.638 0.522 -0.263
0.781 0.564 0.029
0.746 0.379 0.173
0.654 0.298 0.69
0.451 0.707 0.716
-0.274 0.714 -0.07
-1.16 1.022 -1.184
-1.604 0.954 -1.35
-1.59 1.005 -0.861
-1.345 1.025 -0.163
-1.021 1.164 -0.655
-0.609 0.031 -0.417