0.0000 0.0000 0.0000
-0.119 -2.735 13.236
-0.512 -2.668 12.033
-0.719 -2.513 11.278
-0.949 -2.52 10.667
-1.061 -2.656 10.333
-0.825 -2.735 10.429
-0.743 -2.901 10.644
-0.763 -3.214 10.114
-0.902 -3.324 9.715
-0.786 -3.259 9.528
-0.354 -3.036 8.997
0.025 -3.172 8.752
0.428 -3.139 8.489
0.299 -3.368 8.123
0.295 -3.618 7.319
0.075 -3.256 6.096
-0.302 -3.085 4.098
-0.332 -2.699 1.835
-0.057 -2.248 0.342
0.421 -1.791 -0.424
0.672 -1.749 -1.244
0.648 -1.747 -1.766
0.669 -1.701 -1.908
0.525 -1.695 -2.312
0.076 -1.379 -3.21
-0.034 -0.913 -4.061
-0.1 -0.417 -5.456
-0.021 0.003 -7.091
0.299 0.942 -8.037
0.545 1.977 -8.897
0.637 2.434 -9.317
0.858 2.786 -9.247
0.85 2.852 -8.727
0.92 2.92 -8.199
0.897 2.809 -7.698
1.014 2.812 -7.101
1.085 2.807 -6.322
1.037 2.759 -5.483
0.933 2.767 -4.529
0.641 2.706 -3.818
0.37 2.642 -3.393
0.126 2.542 -2.907
-0.075 2.356 -2.401
-0.076 2.164 -1.721
-0.146 1.947 -1.127
-0.39 1.934 -0.678
-0.523 2.137 -0.653
-0.376 2.138 -0.57
-0.14 2.157 -0.384
-0.143 2.14 -0.656
-0.06 2.176 -0.607
-0.183 2.096 -0.029
-0.467 1.697 0.774
-0.609 1.225 1.429
-0.574 1.017 2.036
-0.327 1.018 1.979
-0.113 0.882 1.747
0.087 0.69 1.21
0.25 0.388 0.83
0.32 0.186 0.359
-0.004 -0.202 -1.184
0.064 -0.363 -0.764