0.0000 0.0000 0.0000
0.501 1.522 2.367
0.227 1.275 1.872
0.152 1.285 1.461
-0.103 1.346 1.478
-0.11 1.013 0.986
0.038 0.878 0.465
0.206 0.833 0.073
0.194 0.319 -0.622
0.114 0.175 -0.931
0.267 0.278 -1.294
0.404 0.25 -1.286
0.639 0.268 -0.959
0.584 0.362 -0.423
0.31 0.17 -0.14
0.046 -0.018 0.218
0.007 -0.059 0.472
-0.096 -0.389 1.106
0.016 -0.893 2.098
0.083 -1.071 2.914
-0.131 -1.042 3.14
-0.368 -1.101 2.981
-0.348 -1.06 2.769
-0.038 -1.221 2.845
0.293 -1.323 2.94
0.72 -1.07 2.56
0.691 -0.92 2.692
0.269 -1.242 2.905
0.061 -1.505 3.451
0.322 -1.717 3.64
0.781 -1.657 3.552
1.22 -1.543 3.464
1.167 -1.414 3.531
0.464 -1.566 3.798
0.004 -1.633 4.436
-0.401 -1.539 5.19
-0.516 -1.325 5.869
-0.369 -1.132 6.334
-0.22 -0.665 6.433
-0.198 -0.573 6.203
-0.627 -0.334 6.221
-0.917 -0.301 6.254
-1.11 -0.366 6.232
-1.197 -0.381 6.453
-1.051 -0.179 6.445
-0.929 0.002 6.025
-0.784 0.148 5.56
-0.723 0.176 5.22
-0.53 0.141 4.836
-0.313 0.291 4.438
-0.23 0.262 3.555
-0.078 0.632 2.768
-0.337 0.646 2.06
-0.614 0.642 1.501
-0.621 0.698 1.058
-0.542 0.637 0.745
-0.436 0.634 0.265
-0.444 0.665 -0.174
-0.434 0.547 -0.57
-0.416 0.303 -1.065
-0.375 0.074 -1.424
-0.208 -0.243 -2.074
-0.342 -0.175 -3.004