0.0000 0.0000 0.0000
1.363 2.324 6.091
1.097 2.195 4.973
0.634 1.656 3.924
0.243 1.249 3.273
0.141 1.133 3.075
-0.079 0.951 2.905
-0.192 0.726 2.839
-0.086 0.688 2.951
0.266 0.559 2.518
0.558 0.494 1.749
0.503 0.221 1.031
0.254 -0.068 -0.01
-0.098 -0.035 -0.931
-0.424 -0.04 -0.83
-0.727 0.23 -0.531
-0.654 0.267 -0.616
-0.313 0.594 -0.477
-0.049 0.483 0.191
-0.009 0.486 0.921
-0.086 0.041 1.45
-0.043 -0.16 1.96
-0.125 -0.342 2.203
-0.164 -0.36 2.552
-0.294 -0.281 2.659
-0.264 -0.097 2.393
-0.367 0.075 2.291
-0.529 0.171 2.433
-0.51 0.206 2.388
-0.209 0.245 2.623
-0.18 0.402 3.774
0.105 0.499 4.371
0.422 0.665 4.726
0.586 0.538 4.978
0.717 0.407 5.325
0.43 0.271 5.421
0.197 0.149 5.008
0.04 0.246 4.413
0.018 0.48 3.566
-0.12 0.734 3.218
-0.505 0.807 3.896
-0.765 0.855 4.093
-1.024 0.597 4.028
-1.129 0.443 3.789
-1.102 0.416 3.108
-0.94 0.529 1.953
-0.803 0.511 0.775
-0.869 0.279 0.146
-0.989 0.001 0.079
-0.907 -0.119 0.089
-0.73 -0.228 -0.316
-0.597 -0.239 -0.819
-0.597 -0.448 -1.219
-0.469 -0.602 -1.399
-0.387 -0.576 -1.0
-0.305 -0.647 -0.719
-0.214 -0.634 -0.561
-0.331 -0.666 -0.186
-0.315 -0.547 0.28
-0.292 -0.337 0.838
-0.125 -0.045 1.133
0.093 0.071 1.615
0.205 0.158 2.013
0.279 0.142 1.898
0.26 0.145 1.605
0.182 -0.308 0.082
-1.016 -0.958 -0.132
0.093 -0.414 0.717