0.0000 0.0000 0.0000
1.699 1.841 7.263
1.684 1.967 6.149
1.024 1.495 4.577
0.551 1.104 3.094
0.462 1.174 1.983
0.519 1.333 1.112
0.57 1.225 0.208
0.444 1.068 -0.648
0.314 0.918 -1.695
-0.122 0.844 -2.215
-0.73 0.845 -2.321
-1.329 0.631 -1.916
-1.584 0.327 -1.173
-1.434 -0.05 -0.444
-1.119 -0.174 -0.193
-0.8 -0.355 -0.311
-0.591 -0.483 -0.323
-0.859 -0.943 -0.17
-1.135 -1.211 0.458
-1.53 -1.374 1.171
-1.472 -1.254 1.579
-1.342 -1.12 2.309
-0.802 -1.421 2.957
0.035 -1.279 3.773
0.42 -1.324 4.956
0.335 -1.312 6.357
0.379 -1.043 6.6
0.513 -0.43 5.681
0.263 0.086 4.622
-0.115 0.431 4.013
-0.259 0.707 4.198
-0.336 0.61 5.011
-0.294 0.446 5.906
-0.359 0.142 6.763
-0.487 0.361 7.259
-0.214 0.764 6.611
0.116 1.429 6.389
0.389 1.519 6.509
0.678 1.505 6.487
0.705 1.363 5.873
0.47 1.192 4.872
0.329 1.237 3.919
-0.143 0.889 3.303
-0.327 0.593 2.929
-0.225 0.637 1.895
-0.185 0.746 0.766
-0.132 0.93 0.827
0.018 0.871 1.296
0.3 0.681 2.02
0.469 0.302 2.24
0.706 -0.089 1.982
0.972 -0.347 1.62
1.064 -0.304 1.173
1.13 -0.11 0.565
1.086 -0.28 0.06
1.012 -0.364 -0.212
1.031 -0.37 -0.57
0.988 -0.351 -1.289
0.864 -0.091 -1.643
0.777 0.201 -1.435
0.699 0.379 -1.352
0.673 0.419 -1.467
0.683 0.351 -1.484
0.761 0.057 -1.775
0.711 -0.128 -2.201