0.0000 0.0000 0.0000
0.277 0.798 -0.019
0.551 0.658 0.568
0.849 0.67 1.02
0.842 0.68 1.09
0.688 0.69 0.524
0.542 0.466 -0.122
0.427 0.307 -0.592
0.29 0.311 -0.49
0.304 0.374 -0.32
0.403 0.561 -0.374
0.586 0.634 -0.708
0.674 0.769 -1.266
0.624 0.976 -1.717
0.51 0.87 -1.743
0.476 0.662 -1.129
0.428 0.243 -0.111
0.187 -0.35 0.976
0.022 -0.866 1.732
-0.341 -1.271 1.852
-0.566 -1.307 1.641
-0.475 -1.202 1.77
-0.22 -1.315 2.153
-0.026 -1.132 2.67
-0.058 -1.217 2.912
-0.224 -1.543 2.758
-0.478 -2.052 2.75
-0.533 -2.321 3.155
-0.342 -2.468 3.943
-0.118 -2.514 4.592
-0.296 -2.401 4.555
-0.18 -1.859 4.953
-0.136 -1.794 5.397
0.282 -1.718 6.167
0.434 -1.106 6.55
-0.108 -1.263 6.602
-0.382 -1.309 6.752
-0.335 -0.876 7.301
-0.379 -0.814 7.837
-0.453 -0.207 7.614
-1.088 -0.014 7.447
-1.523 0.021 7.314
-1.275 0.079 7.247
-0.82 0.33 7.401
-0.695 0.65 7.454
-0.884 0.602 6.674
-0.822 0.99 5.558
-0.567 1.296 4.201
-0.321 1.434 2.686
-0.53 1.609 1.392
-1.235 1.043 0.666
-1.293 1.059 0.014
-1.31 0.755 -0.194
-1.256 0.688 0.471
-1.295 0.378 0.803
-1.156 -0.004 0.421
-0.713 -0.081 -0.223
-0.4 0.082 -1.02
-0.102 0.142 -1.59
-0.307 0.119 -1.267
-0.518 -0.254 -0.813
-0.405 -0.383 -0.37
-0.261 -0.431 0.503
-0.166 -0.44 1.064
0.022 -0.516 1.751
0.132 -0.646 2.265
0.248 -0.684 2.064
0.257 -0.676 1.479
0.378 -0.807 -0.616
0.409 -0.743 -1.761