0.0000 0.0000 0.0000
0.535 1.332 8.375
0.516 1.604 7.193
0.525 1.409 6.12
0.558 1.294 5.267
0.796 1.397 4.619
0.811 1.24 3.649
0.747 0.987 2.68
0.664 0.94 2.499
0.589 0.837 1.93
0.495 0.883 1.263
0.377 0.829 0.205
0.158 0.479 -0.59
0.047 0.577 -1.315
-0.043 0.589 -1.821
-0.064 0.538 -1.906
0.088 0.528 -1.543
0.157 0.621 -0.949
-0.108 0.525 -0.165
-0.528 0.17 0.394
-0.863 -0.234 -0.007
-0.846 -0.184 -0.471
-0.951 -0.019 -0.355
-1.011 -0.465 -0.509
-0.582 -0.626 -0.976
0.122 -0.356 -1.378
0.066 -0.2 -1.197
-0.396 -0.456 -0.62
-0.382 -0.462 0.285
-0.086 -0.562 1.3
0.077 -0.73 2.411
0.38 -0.915 3.178
0.592 -0.755 3.524
0.757 -0.49 4.214
0.957 -0.286 4.233
0.757 -0.291 4.361
0.397 -0.055 4.812
0.22 0.01 4.426
-0.163 0.388 3.182
-0.147 1.332 1.769
-0.313 2.103 1.075
-0.351 2.281 1.528
-0.462 2.027 2.426
-0.873 1.436 3.261
-1.182 0.56 4.391
-1.227 0.219 5.443
-1.001 0.197 5.192
-0.539 0.764 4.699
-0.304 1.239 3.867
-0.558 1.124 3.333
-0.994 0.942 4.345
-1.472 0.538 4.694
-1.497 0.725 4.751
-1.416 0.842 4.388
-1.309 0.991 4.319
-1.135 1.167 3.862
-1.073 0.99 3.338
-0.923 0.745 3.03
-0.692 0.61 2.623
-0.33 0.445 2.171
0.03 0.271 1.92
0.121 0.546 2.021
0.73 1.56 2.267
0.812 0.74 1.29
0.558 0.261 0.334
1.183 -0.428 -0.552
0.643 0.123 -1.583