0.0000 0.0000 0.0000
0.906 -1.175 3.247
0.927 -0.514 2.594
0.929 -0.282 2.094
0.845 -0.081 1.557
0.597 0.357 0.625
0.373 0.373 -0.16
0.353 0.12 -0.437
0.378 0.125 -0.833
0.4 0.259 -1.844
0.283 0.268 -2.565
0.384 0.379 -3.076
0.483 0.712 -3.276
0.547 0.83 -3.147
0.32 0.583 -2.918
-0.211 0.499 -2.764
-0.604 0.406 -2.229
-0.724 0.314 -1.067
-0.91 0.118 0.03
-1.216 -0.651 1.466
-1.327 -1.069 2.113
-1.211 -1.108 2.841
-0.883 -0.946 3.513
-0.778 -0.86 3.636
-0.536 -0.911 3.867
-0.353 -1.062 4.127
-0.12 -1.404 4.671
0.271 -1.556 4.824
0.959 -1.556 5.609
1.372 -1.374 7.392
0.984 -1.383 9.101
0.61 -1.322 10.173
0.454 -0.811 10.13
0.34 -0.557 9.048
0.521 0.083 8.238
0.055 0.282 8.371
-0.622 0.228 8.913
-0.809 0.3 9.366
-1.159 0.184 9.007
-1.095 0.355 7.985
-1.097 0.569 6.747
-1.272 0.357 5.357
-0.835 0.683 5.054
-0.665 0.632 4.678
-0.348 0.664 3.667
-0.098 0.839 2.818
-0.416 0.488 2.57
-0.538 0.292 2.848
-0.381 0.134 3.382
0.355 0.025 2.88
1.078 0.109 1.756
1.315 0.598 0.752
1.011 0.848 -0.132
0.341 0.531 -0.386
-0.063 0.262 -0.778
-0.264 0.184 -1.355
-0.168 0.045 -1.556
-0.324 -0.139 -2.331