0.0000 0.0000 0.0000
-0.265 1.522 3.402
0.036 1.275 2.286
0.325 1.199 1.506
0.595 0.924 0.588
0.811 0.668 0.081
0.842 0.36 -0.659
0.818 0.177 -1.369
0.727 0.202 -1.939
0.663 0.26 -2.279
0.657 0.449 -2.792
0.557 0.482 -3.134
0.415 0.666 -2.941
0.244 0.358 -2.578
0.263 0.107 -1.949
0.288 0.139 -1.108
0.147 -0.124 -0.463
0.02 -0.568 0.281
-0.041 -1.063 0.908
-0.158 -1.939 1.153
-0.176 -2.297 0.926
-0.279 -2.265 1.092
-0.441 -2.177 1.767
-0.311 -2.14 2.59
-0.383 -2.141 3.529
-0.75 -2.194 4.055
-0.744 -2.32 4.434
-0.247 -2.251 5.033
0.596 -2.018 5.676
1.32 -1.454 6.617
1.611 -0.852 7.843
1.294 -0.611 8.291
0.915 -0.472 8.556
0.53 -0.434 9.347
0.744 -0.425 10.317
1.049 -0.21 11.13
0.858 -0.301 11.327
0.669 -0.141 10.677
0.352 0.044 9.618
-0.174 -0.054 8.406
-0.13 0.062 7.548
-0.091 0.03 6.905
0.012 0.131 6.318
-0.195 0.195 5.333
-0.943 -0.048 4.61
-1.038 0.111 4.011
-0.788 0.092 3.412
-0.545 0.005 2.95
-0.448 -0.098 2.646
-0.446 -0.123 2.037
-0.229 -0.188 0.919
0.009 -0.057 0.241
0.059 -0.034 -0.463
0.028 -0.031 -0.511
0.068 -0.036 -0.805
0.225 0.07 -1.112
0.254 0.037 -1.561
0.151 -0.052 -1.819
0.015 -0.219 -1.947
-0.158 -0.326 -2.373
-0.461 -0.466 -3.015
-1.027 -1.187 -4.239