0.0000 0.0000 0.0000
0.19 2.091 5.488
0.249 1.778 4.697
0.474 1.48 3.529
0.375 1.487 2.72
0.217 1.174 1.577
0.29 1.143 0.79
0.192 1.037 0.392
0.112 0.882 0.163
0.084 0.94 0.13
0.11 1.018 0.117
0.073 1.063 0.045
0.134 0.931 0.04
0.043 0.967 -0.196
-0.072 0.836 0.125
-0.229 0.511 0.44
-0.042 0.175 1.068
0.349 -0.134 1.444
0.564 -0.44 1.67
0.646 -0.525 1.615
0.659 -0.524 1.35
0.524 -0.696 1.051
0.497 -0.661 1.342
0.456 -0.543 1.794
0.367 -0.782 2.253
0.253 -0.884 2.122
-0.151 -1.046 2.074
-0.334 -1.243 2.461
-0.162 -1.041 2.594
-0.224 -1.083 2.559
-0.21 -1.371 2.242
0.224 -1.07 2.053
0.296 -1.136 2.089
0.275 -1.169 2.371
0.36 -1.19 2.823
0.177 -1.183 3.334
-0.09 -0.814 4.095
-0.451 -0.81 4.487
-0.397 -0.678 4.599
-0.082 -0.412 4.121
0.158 -0.112 3.304
0.091 0.071 2.767
0.168 -0.004 2.663
0.194 0.124 2.896
0.045 -0.103 3.951
-0.165 -0.032 4.84
-0.649 0.203 5.218
-1.084 0.062 5.032
-1.148 0.349 4.27
-1.274 0.348 3.369
-1.259 0.615 2.593
-1.391 0.683 2.17
-1.606 0.52 2.022
-1.212 0.58 1.811
-0.686 0.582 1.509
-0.376 0.507 1.418
-0.459 0.387 1.509
-0.68 0.365 1.341
-0.853 0.329 0.75
-1.061 0.356 -0.264
-1.162 0.286 -0.978
-1.278 0.257 -1.518
-1.461 0.051 -1.591
-1.384 -0.031 -1.423
-1.236 -0.071 -0.944
-1.156 -0.219 -0.16
-1.023 -0.318 0.674
-1.041 -0.484 1.632
-1.006 -0.651 2.287
-0.828 -0.629 2.834
-0.736 -0.678 3.215
-0.62 -0.533 3.505
-0.377 -0.385 3.62
0.013 -0.406 3.241
0.417 -0.297 2.753
1.005 -0.25 2.064
1.266 -0.259 1.288
0.924 -0.604 0.229