0.0000 0.0000 0.0000
0.94 2.324 7.841
0.743 2.315 6.979
0.651 2.161 5.919
0.267 1.704 5.008
0.025 1.749 4.119
-0.244 1.643 3.38
-0.125 1.332 2.076
0.266 1.216 1.033
0.541 1.327 0.447
0.521 1.005 0.066
0.469 0.49 -0.224
0.362 0.269 -0.486
0.24 -0.033 -0.843
-0.154 -0.4 -1.146
-0.621 -0.653 -1.342
-0.732 -0.829 -1.475
-0.503 -0.781 -1.336
-0.28 -0.815 -0.737
-0.123 -0.638 0.0
-0.361 -0.712 0.767
-0.635 -1.141 1.164
-0.442 -1.035 0.634
-0.527 -0.846 -0.041
-0.94 -0.821 -0.261
-1.277 -0.955 0.342
-1.183 -0.42 0.773
-0.522 -0.481 0.679
0.469 -0.191 0.774
0.68 -0.276 2.55
0.276 -0.369 4.519
0.093 -0.332 5.317
0.067 0.028 4.061
0.172 0.637 3.103
0.491 1.22 2.638
0.899 1.503 2.675
0.964 1.465 4.158
0.669 1.025 6.845
0.352 0.535 9.048
0.291 0.412 9.22
0.219 0.681 8.057
-0.043 0.984 5.984
-0.255 1.437 4.403
-0.772 1.474 4.032
-1.074 1.447 4.852
-1.156 1.449 5.625
-1.299 1.227 5.804
-1.238 1.104 5.551
-1.088 1.174 5.289
-1.066 1.16 4.786
-0.976 1.277 3.618
-0.87 1.382 2.635
-0.611 1.442 2.242
-0.325 1.203 1.906
-0.051 1.134 1.802
0.082 0.797 1.802
0.177 0.639 1.32
0.289 0.567 0.482
0.286 0.458 -0.091
0.266 0.43 -0.505
0.351 0.413 -0.842
0.428 0.147 -1.008
0.566 -0.03 -0.89
0.716 -0.113 -0.93
0.024 -0.309 -2.095