0.0000 0.0000 0.0000
0.992 2.22 8.478
0.686 2.059 7.743
0.341 1.741 7.115
0.273 1.472 6.3
0.435 1.514 5.368
0.71 1.552 4.452
0.803 1.414 3.731
0.749 1.135 2.746
0.682 1.116 1.842
0.536 0.582 0.572
0.457 0.386 -0.614
0.437 0.175 -1.19
0.411 -0.04 -1.76
0.395 -0.148 -2.136
0.183 -0.392 -2.379
-0.093 -0.361 -2.365
-0.532 -0.342 -1.879
-0.858 -0.541 -1.639
-0.763 -0.659 -1.777
-0.54 -0.619 -2.47
-0.503 -0.591 -2.938
-0.789 -0.455 -2.575
-1.158 -0.082 -1.378
-1.224 -0.254 0.103
-0.937 -0.591 1.248
-0.507 -0.98 1.407
-0.052 -1.106 1.629
0.056 -0.926 1.974
0.007 -0.627 2.01
-0.38 -0.142 2.007
-0.808 0.199 2.935
-0.804 0.507 3.96
-0.25 0.585 4.314
0.61 0.501 4.107
1.247 0.468 4.679
1.226 0.033 5.822
0.948 -0.021 6.852
0.422 -0.027 6.986
-0.274 0.311 6.83
-0.678 0.572 6.509
-0.937 0.851 6.298
-0.869 0.792 5.84
-0.808 0.971 5.454
-0.814 1.098 5.073
-1.025 1.152 4.944
-1.104 1.028 4.924
-1.252 0.693 4.742
-1.178 0.908 4.113
-1.241 0.774 3.4
-1.134 0.877 3.378
-1.012 1.014 3.342
-0.782 1.154 3.318
-0.531 1.116 3.323
-0.366 0.754 3.404
-0.114 0.618 3.52
-0.008 0.298 2.918
0.251 0.613 2.54
0.562 0.819 2.303
0.747 0.875 1.642
0.827 0.856 1.081
0.762 0.658 -0.189
0.686 0.351 -1.343
0.72 -0.131 -3.01
0.485 -0.721 -4.381
